"emg.time","emg.sequence_number","emg.sig4","emg.sig5","emg.sig6","emg.sig7","emg.sig8","emg.sig1","emg.sig2","emg.sig3"
"1",1434237683,232670001,3,3,1,-1,-1,0,-2,-2
"2",1434237683,232660001,8,6,0,1,0,-2,0,-1
"3",1434237683,232650001,5,2,-1,-3,1,1,7,2
"4",1434237683,232640001,7,0,0,-2,-1,3,0,1
"5",1434237683,232630001,-8,-4,0,0,0,0,0,3
"6",1434237683,232620001,4,-1,-3,0,1,-1,-1,-3
"7",1434237682,232610001,-2,3,2,1,1,1,5,2
"8",1434237682,232600001,-6,5,1,3,0,1,-5,-2
"9",1434237682,232590001,6,-1,1,-3,-1,1,-5,-1
"10",1434237682,232580001,0,0,0,0,0,-8,-3,0
"11",1434237682,232570001,-2,-1,0,1,-1,-2,2,1
"12",1434237682,232560001,12,6,-1,-3,-2,-2,2,0
"13",1434237682,232550001,-2,-6,-3,0,0,-1,-1,-2
"14",1434237682,232540001,-8,-7,-4,-1,1,4,2,-1
"15",1434237682,232530001,-5,-3,-2,-2,0,0,0,0
"16",1434237682,232520001,7,-2,-1,-1,-1,0,1,4
"17",1434237681,232510001,1,-6,-1,0,-1,0,-1,-2
"18",1434237681,232500001,14,3,-2,-2,-2,-1,3,-6
"19",1434237681,232490001,-13,7,1,-2,-4,-5,-11,11
"20",1434237681,232480001,-7,4,2,0,3,-3,-10,-19
"21",1434237681,232470001,12,4,-1,3,-1,-2,-13,11
"22",1434237681,232460001,8,1,-1,-4,-3,-1,-8,-8
"23",1434237681,232450001,25,0,1,1,-6,-1,-4,12
"24",1434237681,232440001,14,6,2,-6,-6,6,25,19
"25",1434237681,232430001,-2,-5,1,6,3,21,-1,-9
"26",1434237681,232420001,26,-4,-1,-19,-23,-5,8,38
"27",1434237680,232410001,52,15,8,16,22,-4,0,22
"28",1434237680,232400001,25,15,7,10,8,12,2,-3
"29",1434237680,232390001,-18,-2,4,-5,-6,-17,-36,-5
"30",1434237680,232380001,3,-2,0,-2,-2,-2,6,19
"31",1434237680,232370001,7,-3,0,2,11,-5,30,6
"32",1434237680,232360001,13,9,2,-11,-26,21,6,-16
"33",1434237680,232350001,-57,-3,4,10,16,-35,-28,-18
"34",1434237680,232340001,28,2,0,8,-3,-13,33,44
"35",1434237680,232330001,-8,13,2,-3,-3,11,-14,-17
"36",1434237680,232320001,2,0,-2,-1,-2,1,7,5
"37",1434237679,232310001,-18,-9,0,-4,6,7,3,-12
"38",1434237679,232300001,7,-1,0,7,6,-14,4,-2
"39",1434237679,232290001,8,-2,-1,-4,-8,-4,12,22
"40",1434237679,232280001,12,-3,0,2,-1,3,7,-3
"41",1434237679,232270001,-4,-1,1,0,-3,-7,-15,16
"42",1434237679,232260001,-13,-2,1,-1,0,1,6,-9
"43",1434237679,232250001,12,1,2,2,4,12,10,4
"44",1434237679,232240001,8,-2,-1,0,-1,-1,-6,8
